# loop over values of c
c_values <- c(1, 2, 3, 4)


list_of_weights <- list(
  c(1/5, 1/5, 1/5, 1/5, 1/5),
  c(0.9, 0.1/4, 0.1/4, 0.1/4, 0.1/4),
  c(0.5, 0.4, 0.1, 0.1, 0.1)
)